<svg width="128" height="188" viewBox="0 0 128 188" fill="none" xmlns="http://www.w3.org/2000/svg">
<path d="M73.8127 39.3125C78.8938 46.4259 81.6252 54.9492 81.6252 63.691V72.125C84.303 72.125 86.9039 71.2299 89.0146 69.582C91.1252 67.9341 92.6245 65.6279 93.274 63.0301L94.1252 59.625L96.4346 62.3965C100.158 66.8643 102.179 72.5064 102.138 78.3222C102.098 84.1379 99.9992 89.7515 96.2142 94.1672C94.7958 95.8219 94.0542 97.951 94.1376 100.129C94.221 102.307 95.1234 104.373 96.6643 105.914C97.5246 106.774 98.5568 107.444 99.6933 107.878C100.83 108.312 102.045 108.502 103.26 108.435C104.475 108.367 105.662 108.045 106.744 107.487C107.825 106.93 108.777 106.151 109.537 105.201L116 97.125L122.25 112.75C125.084 122.197 125.308 132.235 122.896 141.799C120.485 151.363 115.53 160.096 108.555 167.07L107.767 167.858C97.0316 178.594 82.4714 184.625 67.2892 184.625H60.9123C51.0268 184.625 41.3097 182.065 32.7074 177.195C24.105 172.324 16.9105 165.309 11.8244 156.832C5.73427 146.682 2.94042 134.893 3.82753 123.089C4.71464 111.285 9.23908 100.046 16.7779 90.9203L42.0764 60.2953C44.5694 57.2777 46.1716 53.6246 46.7029 49.7466C47.2342 45.8686 46.6737 41.9192 45.0842 38.3422C43.0674 33.8048 42.7197 28.7005 44.1025 23.9315C45.4853 19.1625 48.5096 15.036 52.6408 12.2812L66.0002 3.375V14.934C66.0001 23.6758 68.7316 32.1991 73.8127 39.3125Z" fill="#4EAAF5"/>
<path d="M89.0768 163.301L89.1045 163.273C93.9651 158.376 97.4328 152.271 99.1509 145.588C100.869 138.905 100.776 131.885 98.8799 125.25L89.7889 134.341C88.9309 135.199 87.9124 135.88 86.7914 136.344C85.6704 136.809 84.4689 137.048 83.2555 137.048C82.0421 137.048 80.8406 136.809 79.7196 136.344C78.5986 135.88 77.58 135.199 76.7221 134.341C75.0915 132.711 74.1293 130.53 74.0246 128.227C73.9199 125.924 74.6801 123.664 76.1561 121.893C79.1953 118.246 81.1054 113.792 81.6527 109.077C82.2001 104.361 81.3608 99.5879 79.2377 95.3418L64.5049 65.875L62.2393 90.7969C61.9676 93.7859 61.0949 96.6892 59.6737 99.3327C58.2525 101.976 56.312 104.305 53.9686 106.18L41.0885 116.485C37.6696 119.22 34.9097 122.689 33.0131 126.635C31.1165 130.581 30.1318 134.903 30.1318 139.282V142.828C30.1319 147.108 31.0728 151.335 32.8881 155.211C34.7033 159.087 37.3484 162.516 40.6361 165.256C45.959 169.691 52.6859 172.089 59.6143 172.021L68.6447 171.932C76.3256 171.855 83.6667 168.754 89.0768 163.301Z" fill="#80B4FB"/>
<path d="M12.875 69C12.0462 69 11.2513 68.6708 10.6653 68.0847C10.0792 67.4987 9.75 66.7038 9.75 65.875V59.625C9.75 58.7962 10.0792 58.0013 10.6653 57.4153C11.2513 56.8292 12.0462 56.5 12.875 56.5C13.7038 56.5 14.4987 56.8292 15.0847 57.4153C15.6708 58.0013 16 58.7962 16 59.625V65.875C16 66.7038 15.6708 67.4987 15.0847 68.0847C14.4987 68.6708 13.7038 69 12.875 69Z" fill="#FF6268"/>
<path d="M22.25 53.375C21.4212 53.375 20.6263 53.0458 20.0403 52.4597C19.4542 51.8737 19.125 51.0788 19.125 50.25V44C19.125 43.1712 19.4542 42.3763 20.0403 41.7903C20.6263 41.2042 21.4212 40.875 22.25 40.875C23.0788 40.875 23.8737 41.2042 24.4597 41.7903C25.0458 42.3763 25.375 43.1712 25.375 44V50.25C25.375 51.0788 25.0458 51.8737 24.4597 52.4597C23.8737 53.0458 23.0788 53.375 22.25 53.375Z" fill="#E82F3E"/>
<path d="M9.75 40.875C8.9212 40.875 8.12634 40.5458 7.54029 39.9597C6.95424 39.3737 6.625 38.5788 6.625 37.75V31.5C6.625 30.6712 6.95424 29.8763 7.54029 29.2903C8.12634 28.7042 8.9212 28.375 9.75 28.375C10.5788 28.375 11.3737 28.7042 11.9597 29.2903C12.5458 29.8763 12.875 30.6712 12.875 31.5V37.75C12.875 38.5788 12.5458 39.3737 11.9597 39.9597C11.3737 40.5458 10.5788 40.875 9.75 40.875Z" fill="#961B20"/>
<path d="M119.125 78.375C118.296 78.375 117.501 78.0458 116.915 77.4597C116.329 76.8737 116 76.0788 116 75.25V69C116 68.1712 116.329 67.3763 116.915 66.7903C117.501 66.2042 118.296 65.875 119.125 65.875C119.954 65.875 120.749 66.2042 121.335 66.7903C121.921 67.3763 122.25 68.1712 122.25 69V75.25C122.25 76.0788 121.921 76.8737 121.335 77.4597C120.749 78.0458 119.954 78.375 119.125 78.375Z" fill="#E82F3E"/>
<path d="M109.75 56.5C108.921 56.5 108.126 56.1708 107.54 55.5847C106.954 54.9987 106.625 54.2038 106.625 53.375V47.125C106.625 46.2962 106.954 45.5013 107.54 44.9153C108.126 44.3292 108.921 44 109.75 44C110.579 44 111.374 44.3292 111.96 44.9153C112.546 45.5013 112.875 46.2962 112.875 47.125V53.375C112.875 54.2038 112.546 54.9987 111.96 55.5847C111.374 56.1708 110.579 56.5 109.75 56.5Z" fill="#FF6268"/>
<path d="M122.25 47.125C121.421 47.125 120.626 46.7958 120.04 46.2097C119.454 45.6237 119.125 44.8288 119.125 44V34.625C119.125 33.7962 119.454 33.0013 120.04 32.4153C120.626 31.8292 121.421 31.5 122.25 31.5C123.079 31.5 123.874 31.8292 124.46 32.4153C125.046 33.0013 125.375 33.7962 125.375 34.625V44C125.375 44.8288 125.046 45.6237 124.46 46.2097C123.874 46.7958 123.079 47.125 122.25 47.125Z" fill="#E82F3E"/>
<path d="M125.243 111.852C125.217 111.763 125.187 111.675 125.152 111.589L118.902 95.9641C118.699 95.4567 118.366 95.0113 117.938 94.6725C117.509 94.3336 116.999 94.1132 116.458 94.033C115.918 93.9528 115.366 94.0158 114.857 94.2156C114.348 94.4155 113.901 94.7452 113.56 95.1719L107.098 103.25C106.612 103.857 106.004 104.355 105.313 104.711C104.622 105.067 103.864 105.273 103.088 105.316C102.312 105.359 101.536 105.238 100.81 104.96C100.084 104.683 99.4242 104.255 98.8745 103.705C97.8954 102.718 97.3226 101.399 97.2693 100.009C97.216 98.6195 97.6861 97.2605 98.5867 96.2008C102.866 91.231 105.241 84.9022 105.286 78.3439C105.332 71.7855 103.045 65.4244 98.8351 60.3957L96.5257 57.6223C96.1563 57.179 95.6713 56.8466 95.1245 56.662C94.5778 56.4775 93.9906 56.4479 93.4281 56.5766C92.8655 56.7053 92.3496 56.9873 91.9375 57.3912C91.5254 57.7952 91.2332 58.3054 91.0933 58.8652L90.2421 62.2699C89.8952 63.6659 89.214 64.9565 88.2572 66.0306C87.3004 67.1046 86.0967 67.9299 84.7499 68.4352V63.691C84.7668 54.2953 81.8302 45.1319 76.3554 37.4961C71.6397 30.9193 69.1103 23.0267 69.1249 14.934V3.37501C69.1249 2.80937 68.9714 2.25435 68.6807 1.76912C68.39 1.28389 67.9731 0.886652 67.4744 0.619771C66.9757 0.352891 66.4139 0.226375 65.8489 0.253714C65.2839 0.281053 64.737 0.461222 64.2663 0.775008L50.907 9.68126C46.1532 12.837 42.6722 17.5761 41.0828 23.0562C39.4934 28.5364 39.8985 34.4025 42.2261 39.6121C43.5917 42.6555 44.0756 46.021 43.623 49.3258C43.1705 52.6306 41.7994 55.7421 39.666 58.3063L14.3675 88.9313C7.07409 97.7608 2.44251 108.483 1.01342 119.845C-0.415666 131.208 1.41669 142.743 6.2966 153.104C11.1765 163.464 18.9027 172.223 28.5732 178.358C38.2438 184.492 49.4598 187.75 60.9121 187.75H67.289C75.22 187.772 83.0766 186.22 90.4039 183.185C97.7312 180.149 104.384 175.691 109.977 170.068L110.765 169.28C118.145 161.911 123.389 152.679 125.938 142.566C128.488 132.453 128.248 121.839 125.243 111.852ZM106.345 164.859L105.557 165.648C100.544 170.689 94.5797 174.686 88.011 177.407C81.4422 180.128 74.399 181.519 67.289 181.5H60.9121C50.6453 181.5 40.5903 178.58 31.9207 173.08C23.2512 167.58 16.3249 159.728 11.9502 150.44C7.57552 141.152 5.93298 130.811 7.21432 120.624C8.49565 110.438 12.648 100.826 19.1867 92.9106L44.4851 62.2856C47.3627 58.8273 49.2119 54.6309 49.8224 50.1736C50.4328 45.7164 49.78 41.1772 47.9382 37.0727C46.2126 33.2099 45.9123 28.8605 47.0907 24.7972C48.2691 20.734 50.8499 17.2201 54.3746 14.8801L62.8749 9.21407V14.934C62.8581 24.3297 65.7946 33.4931 71.2695 41.1289C75.9852 47.7057 78.5146 55.5983 78.4999 63.691V72.125C78.4999 72.9538 78.8292 73.7487 79.4152 74.3347C80.0013 74.9208 80.7961 75.25 81.6249 75.25C84.5485 75.2534 87.4103 74.4085 89.8632 72.8178C92.3162 71.2271 94.2549 68.9589 95.4445 66.2883C98.0351 70.1806 99.2809 74.8137 98.9917 79.4804C98.7025 84.147 96.8942 88.5909 93.8429 92.1336C92.8255 93.3206 92.0547 94.6982 91.5752 96.1862C91.0958 97.6742 90.9175 99.2427 91.0506 100.8C91.1837 102.358 91.6256 103.874 92.3505 105.259C93.0755 106.644 94.0689 107.871 95.2729 108.868C96.477 109.865 97.8675 110.612 99.3634 111.066C100.859 111.521 102.431 111.672 103.986 111.513C105.541 111.353 107.049 110.886 108.421 110.137C109.794 109.389 111.004 108.375 111.98 107.154L115.092 103.265L119.298 113.78C121.946 122.671 122.14 132.112 119.86 141.104C117.58 150.097 112.91 158.305 106.345 164.859Z" fill="black"/>
<path d="M99.6637 122.225C99.137 122.088 98.5837 122.092 98.0586 122.235C97.5336 122.378 97.055 122.655 96.6704 123.04L87.579 132.132C86.4674 133.251 84.9666 133.897 83.39 133.935C81.8135 133.973 80.2831 133.401 79.1185 132.338C77.9539 131.274 77.2451 129.802 77.1402 128.229C77.0353 126.655 77.5424 125.102 78.5555 123.893C81.9838 119.78 84.1385 114.756 84.7559 109.437C85.3734 104.118 84.4268 98.7337 82.0321 93.9441L67.2989 64.4773C66.995 63.8693 66.501 63.377 65.892 63.075C65.283 62.773 64.5922 62.6778 63.9242 62.8038C63.2562 62.9299 62.6475 63.2703 62.1905 63.7735C61.7334 64.2767 61.4529 64.9152 61.3915 65.5922L59.1259 90.5141C58.8872 93.0825 58.1348 95.5768 56.9133 97.8489C55.6919 100.121 54.0264 102.124 52.0157 103.74L39.1356 114.044C35.3422 117.064 32.2807 120.903 30.1802 125.273C28.0797 129.644 26.9945 134.432 27.0059 139.281V142.828C27.006 147.072 27.842 151.275 29.4663 155.196C31.0906 159.118 33.4713 162.68 36.4725 165.682C39.4738 168.683 43.0367 171.063 46.958 172.687C50.8792 174.311 55.082 175.147 59.3263 175.147C59.432 175.147 59.5381 175.147 59.6446 175.147L68.6751 175.058C77.1811 174.995 85.3149 171.561 91.2923 165.509L91.3227 165.478C96.5712 160.183 100.316 153.586 102.172 146.366C104.028 139.145 103.929 131.56 101.885 124.391C101.735 123.868 101.452 123.393 101.062 123.013C100.672 122.633 100.19 122.361 99.6637 122.225ZM86.895 161.064L86.8673 161.091L86.8587 161.1C82.0366 165.983 75.4746 168.754 68.6122 168.805L59.5817 168.894C56.137 168.928 52.7196 168.279 49.5272 166.984C46.3349 165.689 43.4307 163.775 40.9827 161.351C38.5346 158.927 36.5912 156.042 35.2648 152.863C33.9383 149.684 33.2552 146.273 33.2548 142.828V139.281C33.2456 135.37 34.1209 131.508 35.8152 127.982C37.5095 124.457 39.9789 121.361 43.0388 118.925L55.9188 108.621C58.5862 106.478 60.7957 103.821 62.4161 100.807C64.0365 97.7937 65.0348 94.4853 65.3516 91.0785L66.6227 77.0981L76.4434 96.7395C78.2947 100.442 79.0264 104.604 78.5491 108.716C78.0718 112.828 76.4061 116.712 73.7559 119.892C71.7188 122.337 70.7027 125.473 70.919 128.648C71.1353 131.823 72.5673 134.792 74.9172 136.938C77.267 139.084 80.3538 140.241 83.5352 140.169C86.7166 140.097 89.7478 138.801 91.9981 136.551L96.9821 131.567C97.6375 136.926 97.0704 142.364 95.3234 147.473C93.5764 152.582 90.6948 157.228 86.895 161.064Z" fill="black"/>
<path d="M9.75 59.625V65.875C9.75 66.7038 10.0792 67.4987 10.6653 68.0847C11.2513 68.6708 12.0462 69 12.875 69C13.7038 69 14.4987 68.6708 15.0847 68.0847C15.6708 67.4987 16 66.7038 16 65.875V59.625C16 58.7962 15.6708 58.0013 15.0847 57.4153C14.4987 56.8292 13.7038 56.5 12.875 56.5C12.0462 56.5 11.2513 56.8292 10.6653 57.4153C10.0792 58.0013 9.75 58.7962 9.75 59.625Z" fill="black"/>
<path d="M22.25 53.375C23.0788 53.375 23.8737 53.0458 24.4597 52.4597C25.0458 51.8737 25.375 51.0788 25.375 50.25V44C25.375 43.1712 25.0458 42.3763 24.4597 41.7903C23.8737 41.2042 23.0788 40.875 22.25 40.875C21.4212 40.875 20.6263 41.2042 20.0403 41.7903C19.4542 42.3763 19.125 43.1712 19.125 44V50.25C19.125 51.0788 19.4542 51.8737 20.0403 52.4597C20.6263 53.0458 21.4212 53.375 22.25 53.375Z" fill="black"/>
<path d="M9.75 40.875C10.5788 40.875 11.3737 40.5458 11.9597 39.9597C12.5458 39.3737 12.875 38.5788 12.875 37.75V31.5C12.875 30.6712 12.5458 29.8763 11.9597 29.2903C11.3737 28.7042 10.5788 28.375 9.75 28.375C8.9212 28.375 8.12634 28.7042 7.54029 29.2903C6.95424 29.8763 6.625 30.6712 6.625 31.5V37.75C6.625 38.5788 6.95424 39.3737 7.54029 39.9597C8.12634 40.5458 8.9212 40.875 9.75 40.875Z" fill="black"/>
<path d="M119.125 78.375C119.954 78.375 120.749 78.0458 121.335 77.4597C121.921 76.8737 122.25 76.0788 122.25 75.25V69C122.25 68.1712 121.921 67.3763 121.335 66.7903C120.749 66.2042 119.954 65.875 119.125 65.875C118.296 65.875 117.501 66.2042 116.915 66.7903C116.329 67.3763 116 68.1712 116 69V75.25C116 76.0788 116.329 76.8737 116.915 77.4597C117.501 78.0458 118.296 78.375 119.125 78.375Z" fill="black"/>
<path d="M109.75 56.5C110.579 56.5 111.374 56.1708 111.96 55.5847C112.546 54.9987 112.875 54.2038 112.875 53.375V47.125C112.875 46.2962 112.546 45.5013 111.96 44.9153C111.374 44.3292 110.579 44 109.75 44C108.921 44 108.126 44.3292 107.54 44.9153C106.954 45.5013 106.625 46.2962 106.625 47.125V53.375C106.625 54.2038 106.954 54.9987 107.54 55.5847C108.126 56.1708 108.921 56.5 109.75 56.5Z" fill="black"/>
<path d="M122.25 47.125C123.079 47.125 123.874 46.7958 124.46 46.2097C125.046 45.6237 125.375 44.8288 125.375 44V34.625C125.375 33.7962 125.046 33.0013 124.46 32.4153C123.874 31.8292 123.079 31.5 122.25 31.5C121.421 31.5 120.626 31.8292 120.04 32.4153C119.454 33.0013 119.125 33.7962 119.125 34.625V44C119.125 44.8288 119.454 45.6237 120.04 46.2097C120.626 46.7958 121.421 47.125 122.25 47.125Z" fill="black"/>
</svg>
